15
M1a
100 16 -1
20 20
20 20
10 30
10 30
10 30
10 10
10 10
10 10
20 30
20 30
10 20
10 20
10 20
10 40
10 40
10 40
1 6
8 2
6 5
2 9
9 5
8 4
9 2
5 8
7 1
6 7
4 3
3 3
2 6
2 8
1 4
3 1
1 6
7 9
7 7
5 9
3 5
9 4
1 6
1 8
3 1
3 7
4 3
1 5
6 1
9 1
4 4
2 6
3 8
9 6
5 10
2 2
6 6
7 9
4 7
5 1
9 5
5 5
4 9
6 8
8 9
2 12
2 1
6 6
6 8
8 6
6 1
1 4
8 8
6 2
6 1
5 6
6 7
3 4
8 5
3 3
6 4
7 3
3 3
2 3
6 7
1 1
2 5
7 8
6 8
1 2
5 2
8 7
5 9
8 2
6 8
9 6
8 9
7 7
5 5
9 3
7 6
2 7
8 4
5 9
4 3
1 2
3 9
5 7
1 4
2 7
3 3
8 2
2 2
7 7
3 5
9 7
5 1
4 2
1 1
3 8
5 9
6 4
7 3
5 4
1 2
6 5
9 3
4 5
1 1
4 4
6 9
1 7
M1b
100 16 -1
20 20
20 20
10 30
10 30
10 30
10 10
10 10
10 10
20 30
20 30
10 20
10 20
10 20
10 40
10 40
10 40
9 4
4 4
4 6
9 9
8 1
6 5
9 4
4 9
5 9
5 8
8 4
9 2
5 8
7 1
6 7
4 3
3 3
2 6
2 8
1 4
3 1
1 6
7 9
7 7
5 9
3 5
9 4
1 6
1 8
3 1
3 7
4 3
1 5
6 1
9 1
4 4
2 6
3 8
9 6
5 10
2 2
6 6
7 9
4 7
5 1
9 5
5 5
4 9
6 8
8 9
2 12
2 1
6 6
6 8
8 6
6 1
1 4
8 8
6 2
6 1
5 6
6 7
3 4
8 5
3 3
6 4
7 3
3 3
2 3
6 7
1 1
2 5
7 8
6 8
1 2
5 2
8 7
5 9
8 2
6 8
9 6
8 9
7 7
5 5
9 3
7 6
2 7
8 4
5 9
4 3
1 2
3 9
5 7
1 4
2 7
3 3
8 2
2 2
7 7
3 5
9 7
5 1
4 2
1 1
3 8
5 9
6 4
7 3
5 4
1 2
6 5
9 3
4 5
1 1
4 4
6 9
1 7
M1c
100 16 -1
20 20
20 20
10 30
10 30
10 30
10 10
10 10
10 10
20 30
20 30
10 20
10 20
10 20
10 40
10 40
10 40
9 8
9 6
9 4
4 9
5 9
5 8
8 4
9 2
5 8
7 1
6 7
4 3
3 3
2 6
2 8
1 4
3 1
1 6
7 9
7 7
5 9
3 5
9 4
1 6
1 8
3 1
3 7
4 3
1 5
6 1
9 1
4 4
2 6
3 8
9 6
5 10
2 2
6 6
7 9
4 7
5 1
9 5
5 5
4 9
6 8
8 9
2 12
2 1
6 6
6 8
8 6
6 1
1 4
8 8
6 2
6 1
5 6
6 7
3 4
8 5
3 3
6 4
7 3
3 3
2 3
6 7
1 1
2 5
7 8
6 8
1 2
5 2
8 7
5 9
8 2
6 8
9 6
8 9
7 7
5 5
9 3
7 6
2 7
8 4
5 9
4 3
1 2
3 9
5 7
1 4
2 7
3 3
8 2
2 2
7 7
3 5
9 7
5 1
4 2
1 1
3 8
5 9
6 4
7 3
5 4
1 2
6 5
9 3
4 5
1 1
4 4
6 9
1 7
M1d
100 16 -1
20 20
20 20
10 30
10 30
10 30
10 10
10 10
10 10
20 30
20 30
10 20
10 20
10 20
10 40
10 40
10 40
9 6
9 5
4 9
5 9
8 4
9 2
5 8
7 1
6 7
4 3
3 3
2 6
8 1
4 3
1 1
6 7
9 7
7 5
9 3
5 9
4 1
6 1
8 3
1 3
7 4
3 1
5 6
1 9
1 4
4 2
6 3
8 9
6 5
2 10
2 2
6 6
7 9
4 7
5 1
9 5
5 5
4 9
6 8
9 2
2 1
6 6
6 8
8 6
6 1
1 4
8 8
6 2
6 1
2 6
5 6
6 7
3 4
8 5
3 3
6 4
1 6
3 2
7 8
1 5
7 4
3 1
5 6
1 9
4 4
2 6
3 8
9 6
5 5
2 2
6 6
7 9
4 7
5 1
1 5
5 4
8 4
2 9
7 3
4 1
5 8
1 4
7 4
6 1
6 8
9 9
2 8
7 5
2 2
1 7
6 7
3 4
3 9
8 6
2 2
1 7
4 3
1 3
7 7
5 4
4 8
7 2
5 4
2 8
7 9
4 4
1 6
7 1
4 2
5 1
4 2
1 1
3 8
7 5
2 9
6 2
4 4
5 5
M1e
100 16 -1
20 20
20 20
10 30
10 30
10 30
10 10
10 10
10 10
20 30
20 30
10 20
10 20
10 20
10 40
10 40
10 40
9 9
5 5
6 9
9 5
8 8
4 9
2 5
8 7
1 6
7 4
3 3
6 2
8 1
4 3
1 1
6 7
9 7
7 7
5 9
3 5
9 4
1 6
1 8
3 1
3 7
4 3
1 5
6 1
9 1
4 4
2 6
3 8
9 6
5 5
10 2
2 6
6 6
7 9
4 7
5 1
11 9
5 5
5 4
9 6
8 9
2 12
2 1
6 6
6 8
8 6
6 1
1 4
8 8
6 2
6 1
2 6
5 6
6 7
3 4
8 5
3 3
6 4
1 6
3 2
7 8
1 5
7 4
3 1
5 6
1 9
4 4
2 6
3 8
9 6
5 5
2 2
6 6
7 9
4 7
5 1
1 5
5 4
8 4
2 9
7 3
4 1
5 8
1 4
7 4
6 1
6 8
9 9
2 8
7 5
2 2
1 7
6 7
3 4
3 9
8 6
2 2
1 7
4 3
1 3
7 7
5 4
4 8
7 2
5 4
2 8
7 9
4 4
1 6
7 1
4 2
5 1
4 2
1 1
3 8
7 5
2 9
6 2
4 4
5 5
M2a
100 18 -1
60 40
60 40
30 90
30 90
30 90
30 30
30 30
30 30
30 30
60 90
60 90
30 60
30 60
30 60
30 60
30 120
30 120
30 120
3 19
6 25
19 16
13 28
25 22
3 19
6 6
25 3
22 16
28 9
16 28
3 9
3 13
12 6
19 9
24 27
18 15
6 6
19 19
22 28
12 21
15 3
28 16
16 16
13 28
18 24
28 6
12 6
3 19
19 19
19 25
24 18
18 3
13 3
13 25
25 19
6 18
3 6
18 14
16 19
19 22
9 13
24 15
9 9
15 19
19 19
12 3
13 18
18 18
12 16
6 19
6 22
3 19
18 24
12 6
17 16
13 16
28 25
19 21
12 21
6 18
3 19
9 6
22 25
3 9
15 15
19 25
25 19
22 16
22 12
9 25
12 20
16 9
19 12
6 22
21 12
3 12
21 25
22 16
3 22
22 24
6 12
6 22
28 28
22 19
19 22
21 18
25 21
23 16
6 19
22 3
16 27
6 28
18 24
16 9
25 6
9 6
15 27
18 15
25 25
6 19
25 28
19 24
27 21
21 26
25 25
28 19
9 28
6 27
28 15
27 28
28 22
3 13
22 24
27 12
6 28
19 13
22 28
6 6
24 27
28 25
M2b
100 18 -1
60 40
60 40
30 90
30 90
30 90
30 30
30 30
30 30
30 30
60 90
60 90
30 60
30 60
30 60
30 60
30 120
30 120
30 120
22 28
6 12
6 28
28 25
3 19
22 13
12 9
3 3
18 21
28 7
22 13
9 3
15 18
3 9
3 13
12 6
19 9
24 27
18 15
10 6
6 19
19 22
28 12
21 15
3 11
28 16
16 16
13 28
18 24
28 6
12 6
3 19
19 19
19 25
24 18
18 3
13 3
13 25
25 19
6 18
3 6
18 14
16 19
19 22
9 13
24 15
9 9
15 19
19 19
12 3
13 18
18 18
12 16
6 19
6 22
3 19
18 24
12 6
17 16
13 16
28 25
19 21
12 21
6 18
3 19
9 6
22 25
3 9
15 15
19 25
25 19
22 16
22 12
9 25
12 20
16 9
19 12
6 22
21 12
3 12
21 25
22 16
3 22
22 24
6 12
6 22
28 28
22 19
19 22
21 18
25 21
23 16
6 19
22 3
16 27
6 28
18 24
16 9
25 6
9 6
15 27
18 15
25 25
6 19
25 28
19 24
27 21
21 26
25 25
28 19
9 28
6 27
28 15
27 28
28 22
3 13
22 24
27 12
6 28
19 13
22 28
6 6
24 27
28 25
M2c
100 18 -1
60 40
60 40
30 90
30 90
30 90
30 30
30 30
30 30
30 30
60 90
60 90
30 60
30 60
30 60
30 60
30 120
30 120
30 120
13 28
24 27
15 15
28 6
9 9
6 6
25 3
12 9
3 3
18 21
28 7
22 13
9 3
15 18
3 9
3 13
12 6
19 9
24 27
18 15
10 6
6 19
19 22
28 12
21 15
3 11
28 16
16 16
13 28
18 24
28 6
12 6
3 19
19 19
19 25
24 18
18 3
13 3
13 25
25 19
6 18
3 6
18 14
16 19
19 22
9 13
24 15
9 9
15 19
19 19
12 3
13 18
18 18
12 16
6 19
6 22
3 19
18 24
12 6
17 16
13 16
28 25
19 21
12 21
6 18
3 19
9 6
22 25
3 9
15 15
19 25
25 19
22 16
22 12
9 25
12 20
16 9
19 12
6 22
21 12
3 12
21 25
22 16
3 22
22 24
6 12
6 22
28 28
22 19
19 22
21 18
25 21
23 16
6 19
22 3
16 27
6 28
18 24
16 9
25 6
9 6
15 27
18 15
25 25
6 19
25 28
19 24
27 21
21 26
25 25
28 19
9 28
6 27
28 15
27 28
28 22
3 13
22 24
27 12
6 28
19 13
22 28
6 6
24 27
28 25
M2d
100 18 -1
60 40
60 40
30 90
30 90
30 90
30 30
30 30
30 30
30 30
60 90
60 90
30 60
30 60
30 60
30 60
30 120
30 120
30 120
27 18
15 15
18 15
28 6
9 9
18 21
3 18
3 9
13 12
6 19
9 24
27 18
15 3
6 18
16 19
19 22
9 13
24 15
9 9
15 19
19 19
12 3
13 18
18 18
12 16
6 19
6 22
3 19
18 24
12 6
16 13
16 28
25 19
21 12
21 6
18 3
19 9
6 22
25 3
9 15
15 19
25 25
19 22
16 22
12 9
25 12
20 16
9 19
12 6
22 21
12 3
12 21
25 22
16 3
22 22
24 6
12 6
22 28
28 22
19 19
22 21
18 25
21 23
16 6
19 22
3 16
27 6
28 18
24 16
9 25
6 9
6 15
27 18
15 25
25 6
19 25
28 19
24 27
21 21
25 25
28 19
9 28
6 27
28 15
27 28
28 22
3 13
22 24
27 12
6 28
19 13
22 28
6 6
24 27
28 25
9 9
9 19
9 16
18 6
15 3
13 3
9 6
28 13
18 9
25 21
22 3
25 22
6 28
9 21
3 12
9 9
6 9
22 25
24 6
6 6
19 22
3 3
6 16
21 15
6 18
16 6
16 16
6 13
9 18
18 21
21 28
16 28
16 16
3 9
6 21
21 25
12 6
19 28
6 19
27 9
6 3
21 24
15 25
3 18
21 24
15 3
3 21
12 24
21 6
16 12
25 19
6 28
18 21
28 25
9 12
13 28
9 24
21 15
28 25
6 13
12 6
6 3
3 18
21 3
12 21
3 12
21 25
9 3
12 21
18 3
15 21
9 28
3 12
9 9
13 13
3 18
21 3
16 3
16 28
6 3
9 15
21 3
3 9
16 12
6 9
19 13
13 6
3 3
9 25
19 16
21 27
15 21
25 25
22 19
16 28
21 18
28 28
6 6
22 19
16 28
3 3
13 13
18 27
3 21
M2e
100 18 -1
60 40
60 40
30 90
30 90
30 90
30 30
30 30
30 30
30 30
60 90
60 90
30 60
30 60
30 60
30 60
30 120
30 120
30 120
28 28
13 13
25 3
24 12
28 6
9 9
28 21
18 3
9 3
13 12
6 19
9 24
27 18
15 3
6 18
16 19
19 22
9 13
24 15
9 9
15 19
19 19
12 3
13 18
18 18
12 16
6 19
6 22
3 19
18 24
12 6
16 13
16 28
25 19
21 12
21 6
18 3
19 9
6 22
25 3
9 15
15 19
25 25
19 22
16 22
12 9
25 12
20 16
9 19
12 6
22 21
12 3
12 21
25 22
16 3
22 22
24 6
12 6
22 28
28 22
19 19
22 21
18 25
21 23
16 6
19 22
3 16
27 6
28 18
24 16
9 25
6 9
6 15
27 18
15 25
25 6
19 25
28 19
24 27
21 21
25 25
28 19
9 28
6 27
28 15
27 28
28 22
3 13
22 24
27 12
6 28
19 13
22 28
6 6
24 27
28 25
9 9
9 19
9 16
18 6
15 3
13 3
9 6
28 13
18 9
25 21
22 3
25 22
6 28
9 21
3 12
9 9
6 9
22 25
24 6
6 6
19 22
3 3
6 16
21 15
6 18
16 6
16 16
6 13
9 18
18 21
21 28
16 28
16 16
3 9
6 21
21 25
12 6
19 28
6 19
27 9
6 3
21 24
15 25
3 18
21 24
15 3
3 21
12 24
21 6
16 12
25 19
6 28
18 21
28 25
9 12
13 28
9 24
21 15
28 25
6 13
12 6
6 3
3 18
21 3
12 21
3 12
21 25
9 3
12 21
18 3
15 21
9 28
3 12
9 9
13 13
3 18
21 3
16 3
16 28
6 3
9 15
21 3
3 9
16 12
6 9
19 13
13 6
3 3
9 25
19 16
21 27
15 21
25 25
22 19
16 28
21 18
28 28
6 6
22 19
16 28
3 3
13 13
18 27
3 21
M3a
150 20 -1
60 50
60 50
60 50
30 100
30 100
30 100
40 30
40 30
40 30
60 100
60 100
60 100
60 100
30 60
30 60
30 60
30 60
30 120
30 120
30 120
3 19
6 26
3 19
13 29
26 22
6 26
22 16
10 3
3 13
6 6
29 16
6 3
3 13
16 19
19 19
16 6
19 3
3 19
13 9
22 3
26 22
20 22
13 3
20 22
19 29
16 10
7 17
16 13
3 19
7 26
3 3
13 9
22 3
17 23
20 13
26 22
3 7
25 6
25 13
30 10
22 29
10 19
22 3
10 10
7 26
25 19
23 27
19 22
3 13
22 16
3 6
10 16
30 17
24 16
10 7
20 16
28 3
6 10
17 25
26 6
13 10
25 28
6 29
20 13
26 26
13 20
6 28
10 10
7 28
19 13
16 20
25 28
29 10
30 23
29 10
10 26
29 19
6 10
6 27
20 30
13 3
7 20
19 9
10 25
23 10
22 3
13 10
9 22
25 25
23 3
26 22
20 10
25 6
6 13
10 25
28 6
29 20
13 26
26 26
25 28
25 10
10 7
28 19
13 16
20 25
28 29
10 30
23 29
10 10
26 29
19 6
10 6
27 20
30 13
3 7
20 19
9 10
25 23
10 31
22 3
13 10
9 22
25 25
23 3
26 22
20 10
25 6
6 13
10 25
28 6
29 20
13 26
26 26
25 28
25 10
10 7
28 19
13 16
20 25
28 29
10 30
23 29
10 10
26 29
19 6
10 6
27 20
30 13
M3b
150 20 -1
60 50
60 50
60 50
30 100
30 100
30 100
40 30
40 30
40 30
60 100
60 100
60 100
60 100
30 60
30 60
30 60
30 60
30 120
30 120
30 120
16 13
16 26
19 16
16 25
13 9
23 3
3 20
13 3
16 16
3 3
16 13
29 20
25 19
29 25
23 17
16 19
7 23
25 16
13 3
20 25
16 13
3 25
10 10
9 19
16 25
13 16
3 6
13 22
16 3
6 13
17 3
16 10
9 19
22 16
29 19
17 10
23 16
6 7
3 28
6 10
16 30
17 24
16 10
7 20
16 28
3 6
10 16
30 17
24 16
10 7
20 16
28 3
6 10
17 25
26 6
13 10
25 28
6 29
20 13
26 26
13 20
6 28
10 10
7 28
19 13
16 20
25 28
29 10
30 23
29 10
10 26
29 19
6 10
6 27
20 30
13 3
7 20
19 9
10 25
23 10
22 3
13 10
9 22
25 25
23 3
26 22
20 10
25 6
6 13
10 25
28 6
29 20
13 26
26 26
25 28
25 10
10 7
28 19
13 16
20 25
28 29
10 30
23 29
10 10
26 29
19 6
10 6
27 20
30 13
22 10
13 29
3 16
16 3
27 20
13 29
16 26
19 25
6 29
7 7
16 10
20 10
27 20
13 3
10 13
3 10
17 23
29 22
13 10
3 16
27 20
13 29
16 26
19 25
6 29
7 7
16 10
20 10
27 20
13 3
10 13
3 10
17 23
M3c
150 20 -1
60 50
60 50
60 50
30 100
30 100
30 100
40 30
40 30
40 30
60 100
60 100
60 100
60 100
30 60
30 60
30 60
30 60
30 120
30 120
30 120
25 28
22 19
3 7
3 19
29 25
10 22
22 22
16 3
3 25
10 10
30 30
16 13
3 19
25 10
10 30
16 6
19 3
10 19
26 26
13 22
30 23
21 26
22 3
7 25
6 25
25 13
30 10
22 29
29 23
17 10
23 16
6 7
3 28
6 10
16 30
17 24
16 10
7 20
16 28
3 6
10 16
30 17
24 16
10 7
20 16
28 3
6 10
17 25
26 6
13 10
25 28
6 29
20 13
26 26
13 20
6 28
10 10
7 28
19 13
16 20
25 28
29 10
30 23
29 10
10 26
29 19
6 10
6 27
20 30
13 3
7 20
19 9
10 25
23 10
22 3
13 10
9 22
25 25
23 3
26 22
20 10
25 6
6 13
10 25
28 6
29 20
13 26
26 26
25 28
25 10
10 7
28 19
13 16
20 25
28 29
10 30
23 29
10 10
26 29
19 6
10 6
27 20
30 13
3 7
20 19
9 10
25 23
10 10
22 3
13 10
9 22
25 25
23 3
10 10
7 26
25 6
25 19
23 27
19 22
3 13
22 16
3 6
13 3
16 6
10 9
19 16
6 27
20 20
16 29
26 7
6 22
16 29
20 23
22 3
10 26
19 22
16 22
20 23
19 22
3 13
22 16
3 6
13 3
16 6
10 9
19 16
6 27
20 20
16 29
26 7
6 22
16 29
20 23
22 3
10 26
19 22
16 22
20 23
19 13
29 26
6 3
29 29
23 27
22 19
10 13
3 10
13 29
3 16
16 16
3 27
20 13
13 3
13 13
22 13
10 13
3 10
29 22
29 26
19 25
6 29
7 7
16 16
10 3
27 20
20 6
29 23
16 26
16 19
25 16
19 22
10 25
27 20
30 60
M3d
150 20 -1
60 50
60 50
60 50
30 100
30 100
30 100
40 30
40 30
40 30
60 100
60 100
60 100
60 100
30 60
30 60
30 60
30 60
30 120
30 120
30 120
10 7
7 3
3 19
16 29
25 13
9 9
22 22
13 17
3 27
27 10
6 6
13 26
13 22
22 3
27 27
11 13
3 13
7 13
19 3
25 10
10 30
16 19
7 23
25 16
13 16
30 23
3 13
20 22
13 22
6 20
17 18
3 19
7 26
3 9
6 3
13 10
19 26
26 26
13 20
9 22
3 17
23 20
16 10
23 26
22 13
13 22
30 23
21 26
22 3
7 25
6 25
13 30
10 22
29 29
23 20
22 19
29 19
17 10
23 16
6 7
3 28
6 10
16 30
17 25
26 6
13 10
25 28
6 29
20 13
26 26
26 13
20 6
28 10
13 13
7 27
29 29
26 26
25 28
25 10
10 7
28 19
13 16
20 25
28 29
10 30
23 29
10 10
26 29
19 6
10 6
27 20
30 13
3 7
20 19
9 10
25 23
10 10
22 3
13 10
9 22
25 25
23 3
10 10
7 26
25 6
25 19
23 27
19 22
3 13
22 16
3 6
13 3
16 6
10 9
19 16
6 27
20 20
16 29
26 7
6 22
16 29
20 23
22 3
10 26
19 22
16 22
20 23
19 22
3 13
22 16
3 6
13 3
16 6
10 9
19 16
6 27
20 20
16 29
26 7
6 22
16 29
20 23
22 3
10 26
19 22
16 22
20 23
19 13
29 26
6 3
29 29
23 27
22 19
10 13
3 10
13 29
3 16
16 16
3 27
20 13
13 3
13 13
22 13
10 13
3 10
29 22
29 26
19 25
6 29
7 7
16 16
10 3
27 20
20 6
29 23
16 26
16 19
25 16
19 22
10 25
27 20
30 60
M3e
150 20 -1
60 50
60 50
60 50
30 100
30 100
30 100
40 30
40 30
40 30
60 100
60 100
60 100
60 100
30 60
30 60
30 60
30 60
30 120
30 120
30 120
3 19
6 26
13 29
26 22
6 26
22 16
10 3
3 13
23 16
16 13
3 19
29 16
16 13
13 19
25 28
22 16
13 17
6 3
29 20
25 19
29 25
23 17
3 13
7 13
19 3
25 10
10 30
16 19
7 23
25 16
13 16
30 23
19 19
29 20
19 19
3 19
20 10
16 6
19 3
10 19
25 3
22 7
7 17
16 13
3 20
22 13
22 6
20 17
3 19
7 26
3 9
6 3
13 10
19 26
26 26
13 9
22 3
17 23
20 16
10 23
26 22
13 13
22 30
23 21
26 22
3 7
25 6
25 13
30 10
22 29
29 23
20 22
19 29
19 17
10 23
16 6
7 3
28 6
10 16
30 17
16 10
7 20
16 28
3 6
10 17
25 26
6 13
10 25
28 6
29 20
13 26
26 26
26 13
20 6
28 10
13 13
7 27
29 29
26 26
25 28
25 10
10 7
28 19
13 16
20 25
28 29
10 30
23 29
10 10
26 29
19 6
10 6
27 20
30 13
3 7
20 19
9 10
25 23
10 31
22 3
13 10
9 22
25 25
23 3
10 10
7 26
25 6
25 19
23 27
19 22
3 13
22 16
3 6
13 3
26 22
20 10
25 6
6 13
17 3
16 6
16 10
9 19
16 6
27 20
22 16
10 3
16 22
29 19
17 20
22 3
10 26
19 22
16 22
20 23
19 13
29 26
6 3
29 29
23 27
22 19
23 20
9 22
25 25
7 13
13 3
10 26
13 25
19 6
13 13
3 28
9 19
27 25
20 3
6 19
3 21
16 3
3 16
28 16
6 3
21 25
22 9
16 28
19 6
13 22
28 6
6 24
27 28
25 29
9 9
9 19
9 16
18 6
15 3
13 3
9 6
28 13
18 9
25 21
22 3
25 22
6 28
9 21
3 12
9 9
6 9
22 25
24 6
6 33
19 22
3 3
6 16
21 15
6 18
25 22
19 25
3 22
24 6
6 18
16 6
19 19
22 9
13 24
15 9
9 15
19 19
19 12
3 13
18 18
18 12
16 6
19 6
22 3
19 18
24 12
6 17
16 13
16 28
25 19
21 12
21 6
18 3
19 9
6 22
25 3
9 15
15 19
25 25
19 22
16 22
12 9
19 12
6 22
21 12
3 12
21 25
22 16
3 22
22 22
24 6
12 6
22 28
28 22
19 19